36.3701093 127.3678457
36.3700141 127.3677712
36.3698712 127.3677318
36.3697336 127.3677603
36.3696331 127.3678304
36.3694991 127.3679509
36.3693598 127.3680648
36.3692311 127.3681743
36.3690971 127.3682904
36.3689648 127.3684131
36.3688766 127.3685839
36.3688449 127.3687788
36.3688802 127.368965
36.3689737 127.3691074
36.369106 127.3691819
36.3692294 127.3691991
36.3693049 127.3691906
36.3694283 127.369132
36.3694994 127.3690769
36.3695989 127.3689888
36.3697167 127.3688822
36.3698197 127.3687955
36.3699261 127.3687145
36.3700439 127.3686221
36.3701583 127.3685113
36.3702281 127.3683721
36.3702521 127.3681732
36.3702274 127.3680628
36.3701834 127.3679509
36.3701093 127.3678457
36.3700141 127.3677712
36.3698712 127.3677318
36.3697336 127.3677603
36.3696331 127.3678304
36.3694991 127.3679509
36.3693598 127.3680648
36.3692311 127.3681743
36.3690971 127.3682904
36.3689648 127.3684131
36.3688766 127.3685839
36.3688449 127.3687788
36.3688802 127.368965
36.3689737 127.3691074
36.369106 127.3691819
36.3692294 127.3691991
36.3693049 127.3691906
36.3694283 127.369132
36.3694994 127.3690769
36.3695989 127.3689888
36.3697167 127.3688822
36.3698197 127.3687955
36.3699261 127.3687145
36.3700439 127.3686221
36.3701583 127.3685113
36.3702281 127.3683721
36.3702521 127.3681732
36.3702274 127.3680628
36.3701834 127.3679509
36.3701093 127.3678457
36.3700141 127.3677712
36.3698712 127.3677318
36.3697336 127.3677603
36.3696331 127.3678304
36.3694991 127.3679509
36.3693598 127.3680648
36.3692311 127.3681743
36.3690971 127.3682904
36.3689648 127.3684131
36.3688766 127.3685839
36.3688449 127.3687788
36.3688802 127.368965
36.3689737 127.3691074
36.369106 127.3691819
36.3692294 127.3691991
36.3693049 127.3691906
36.3694283 127.369132
36.3694994 127.3690769
36.3695989 127.3689888
36.3697167 127.3688822
36.3698197 127.3687955
36.3699261 127.3687145
36.3700439 127.3686221
36.3701583 127.3685113
36.3702281 127.3683721
36.3702521 127.3681732
36.3702274 127.3680628
36.3701834 127.3679509
36.3701093 127.3678457
36.3700141 127.3677712
36.3698712 127.3677318
36.3697336 127.3677603
36.3696331 127.3678304
36.3694991 127.3679509
36.3693598 127.3680648
36.3692311 127.3681743
36.3690971 127.3682904
36.3689648 127.3684131
36.3688766 127.3685839
36.3688449 127.3687788
36.3688802 127.368965
36.3689737 127.3691074
36.369106 127.3691819
36.3692294 127.3691991
36.3693049 127.3691906
36.3694283 127.369132
36.3694994 127.3690769
36.3695989 127.3689888
36.3697167 127.3688822
36.3698197 127.3687955
36.3699261 127.3687145
36.3700439 127.3686221
36.3701583 127.3685113
36.3702281 127.3683721
36.3702521 127.3681732
36.3702274 127.3680628
36.3701834 127.3679509